version https://git-lfs.github.com/spec/v1
oid sha256:0e653b42485d28b4c16ae4d8034eca4f7df5333b7b3c6b4f84906d9437b98fd2
size 189
